0.0465495
0.0453471
0.0441656
0.0430053
0.0418664
0.0407488
0.0396527
0.038578
0.0375248
0.0364928
0.0354821
0.0344925
0.0335238
0.0325759
0.0316486
0.0307416
0.0298547
0.0289877
0.0281403
0.0273122
0.0265031
0.0257128
0.0249407
0.0241867
0.0234504
0.0227313
0.022029
0.0213433
0.0206736
0.0200195
0.0193806
0.0187564
0.0181464
0.0175503
0.0169675
0.0163976
0.0158401
0.0152946
0.0147606
0.0142377
0.0137257
0.013224
0.0127324
0.0122508
0.0117788
0.0113166
0.0108641
0.0104214
0.00998905
0.00956746
0.00915743
0.00876001
0.00837658
0.00800889
0.00765915
0.00733005
0.00702483
0.00674729
0.00650175
0.00629296
0.00612593
0.00600561
0.00593653
0.00592236
0.00596555
0.00606711
0.00622648
0.00644177
0.00671003
0.00702761
0.00739054
0.00779482
0.00823661
0.00871237
0.00921893
0.00975345
0.0103134
0.0108967
0.0115014
0.0121258
0.0127684
0.0134279
0.014103
0.0147927
0.0154959
0.0162116
0.0169389
0.0176769
0.0184247
0.0191814
0.0199463
0.0207183
0.0214968
0.0222808
0.0230694
0.0238618
0.024657
0.0254542
0.0262525
0.0304477
0.0337662
0.0328181
0.0318839
0.0309638
0.0300578
0.0291661
0.0282888
0.0274259
0.0265775
0.0257436
0.0249242
0.0241193
0.0233289
0.0225531
0.0217918
0.0210449
0.0203125
0.0195946
0.018891
0.0182018
0.0175269
0.0168663
0.01622
0.0155879
0.01497
0.0143662
0.0137765
0.013201
0.0126395
0.012092
0.0115585
0.011039
0.0105334
0.0100417
0.00956398
0.00910009
0.00865006
0.00821387
0.0077915
0.00738295
0.00698819
0.00660723
0.00624007
0.00588669
0.00554712
0.00522136
0.00490944
0.00461139
0.00432725
0.0040571
0.00380101
0.00355909
0.00333146
0.0031183
0.00291982
0.00273625
0.00256789
0.00241507
0.00227817
0.00215757
0.00205368
0.00196686
0.00189739
0.00184546
0.00181108
0.00179411
0.00179421
0.00181088
0.00184353
0.00189149
0.00195411
0.00203077
0.00212093
0.00222416
0.00234012
0.00246857
0.00260937
0.00276244
0.00292775
0.00310531
0.00329518
0.00349741
0.00371208
0.00393926
0.00417903
0.00443144
0.00469656
0.00497443
0.0052651
0.00556859
0.00588492
0.00621411
0.00655615
0.00691104
0.00727877
0.00765931
0.00805264
0.00845873
0.00887755
0.0102054
0.0111498
0.0108104
0.0104762
0.0101471
0.00982307
0.00950412
0.00919023
0.00888139
0.0085776
0.00827887
0.00798519
0.00769657
0.00741303
0.00713457
0.00686121
0.00659296
0.00632985
0.00607188
0.00581908
0.00557147
0.00532906
0.00509189
0.00485996
0.00463331
0.00441196
0.00419592
0.00398522
0.0037799
0.00357997
0.00338546
0.0031964
0.00301282
0.00283476
0.00266225
0.00249533
0.00233405
0.00217847
0.00202864
0.00188465
0.00174657
0.00161451
0.00148859
0.00136897
0.00125583
0.00114939
0.00104993
0.000957772
0.000873311
0.000796995
0.000729317
0.000670782
0.000621836
0.000582769
0.0005536
0.000533974
0.000523127
0.000519938
0.000523059
0.000531081
0.000542678
0.000556703
0.000572233
0.000588573
0.000605249
0.000621975
0.000638639
0.000655274
0.000672044
0.000689227
0.000707199
0.00072642
0.000747416
0.000770763
0.000797061
0.000826915
0.000860912
0.000899594
0.000943449
0.00099289
0.00104825
0.0011098
0.00117771
0.00125212
0.00133309
0.00142064
0.00151477
0.00161546
0.00172265
0.00183629
0.00195632
0.00208267
0.00221528
0.00235409
0.00249903
0.00265006
0.00280712
0.00297016
0.00313914
0.0046582
0.00463722
0.00461906
0.00460375
0.00459132
0.00458179
0.00457518
0.0045715
0.00457077
0.00457297
0.00457812
0.00458619
0.00459717
0.00461105
0.00462779
0.00464736
0.00466974
0.00469487
0.00472272
0.00475324
0.00478637
0.00482206
0.00486026
0.00490091
0.00494394
0.0049893
0.00503693
0.00508675
0.0051387
0.00519273
0.00524876
0.00530674
0.0053666
0.00542828
0.00549171
0.00555684
0.00562361
0.00569196
0.00576183
0.00583317
0.00590593
0.00598005
0.00605548
0.00613219
0.00621011
0.0062892
0.00636943
0.00645074
0.0065331
0.00661646
0.0067008
0.00678607
0.00687224
0.00695928
0.00704715
0.00713583
0.00722527
0.00731547
0.00740638
0.00749798
0.00759025
0.00768316
0.00777669
0.00787082
0.00796552
0.00806079
0.00815658
0.0082529
0.00834972
0.00844701
0.00854478
0.00864299
0.00874165
0.00884072
0.0089402
0.00904007
0.00914032
0.00924094
0.00934191
0.00944324
0.00954489
0.00964687
0.00974916
0.00985175
0.00995464
0.0100578
0.0101613
0.010265
0.010369
0.0104732
0.0105777
0.0106824
0.0107873
0.0108925
0.0109979
0.0111034
0.0112092
0.0113152