0.0046582
0.00463722
0.00461906
0.00460375
0.00459132
0.00458179
0.00457518
0.0045715
0.00457077
0.00457297
0.00457812
0.00458619
0.00459717
0.00461105
0.00462779
0.00464736
0.00466974
0.00469487
0.00472272
0.00475324
0.00478637
0.00482206
0.00486026
0.00490091
0.00494394
0.0049893
0.00503693
0.00508675
0.0051387
0.00519273
0.00524876
0.00530674
0.0053666
0.00542828
0.00549171
0.00555684
0.00562361
0.00569196
0.00576183
0.00583317
0.00590593
0.00598005
0.00605548
0.00613219
0.00621011
0.0062892
0.00636943
0.00645074
0.0065331
0.00661646
0.0067008
0.00678607
0.00687224
0.00695928
0.00704715
0.00713583
0.00722527
0.00731547
0.00740638
0.00749798
0.00759025
0.00768316
0.00777669
0.00787082
0.00796552
0.00806079
0.00815658
0.0082529
0.00834972
0.00844701
0.00854478
0.00864299
0.00874165
0.00884072
0.0089402
0.00904007
0.00914032
0.00924094
0.00934191
0.00944324
0.00954489
0.00964687
0.00974916
0.00985175
0.00995464
0.0100578
0.0101613
0.010265
0.010369
0.0104732
0.0105777
0.0106824
0.0107873
0.0108925
0.0109979
0.0111034
0.0112092
0.0113152